45292
45292
45292
45292
45292
45292
45292
45292
45292
45292
45292
45292
45292
45292
45292
45292
45292
45292
45292
45292
45292
45292
45292
45292
45292
45292
45292
45292
45293
45293
45293
45293
45293
45293
45293
45293
45293
45293
45293
45293
45293
45293
45293
45293
45293
45293
45293
45293
45293
45293
45293
45293
45293
45293
45293
45293
45294
45294
45294
45294
45294
45294
45294
45294
45294
45294
45294
45294
45294
45294
45294
45294
45294
45294
45294
45294
45294
45294
45294
45294
45294
45294
45294
45294
45295
45295
45295
45295
45295
45295
45295
45295
45295
45295
45295
45295
45295
45295
45295
45295
45295
45295
45295
45295
45295
45295
45295
45295
45295
45295
45295
45295
45296
45296
45296
45296
45296
45296
45296
45296
45296
45296
45296
45296
45296
45296
45296
45296
45296
45296
45296
45296
45296
45296
45296
45296
45296
45296
45296
45296
45297
45297
45297
45297
45297
45297
45297
45297
45297
45297
45297
45297
45297
45297
45297
45297
45297
45297
45297
45297
45297
45297
45297
45297
45297
45297
45297
45297
45298
45298
45298
45298
45298
45298
45298
45298
45298
45298
45298
45298
45298
45298
45298
45298
45298
45298
45298
45298
45298
45298
45298
45298
45298
45298
45298
45298
45299
45299
45299
45299
45299
45299
45299
45299
45299
45299
45299
45299
45299
45299
45299
45299
45299
45299
45299
45299
45299
45299
45299
45299
45299
45299
45299
45299
45300
45300
45300
45300
45300
45300
45300
45300
45300
45300
45300
45300
45300
45300
45300
45300
45300
45300
45300
45300
45300
45300
45300
45300
45300
45300
45300
45300
45301
45301
45301
45301
45301
45301
45301
45301
45301
45301
45301
45301
45301
45301
45301
45301
45301
45301
45301
45301
45301
45301
45301
45301
45301
45301
45301
45301
45302
45302
45302
45302
45302
45302
45302
45302
45302
45302
45302
45302
45302
45302
45302
45302
45302
45302
45302
45302
45302
45302
45302
45302
45302
45302
45302
45302
45303
45303
45303
45303
45303
45303
45303
45303
45303
45303
45303
45303
45303
45303
45303
45303
45303
45303
45303
45303
45303
45303
45303
45303
45303
45303
45303
45303
45304
45304
45304
45304
45304
45304
45304
45304
45304
45304
45304
45304
45304
45304
45304
45304
45304
45304
45304
45304
45304
45304
45304
45304
45304
45304
45304
45304
45305
45305
45305
45305
45305
45305
45305
45305
45305
45305
45305
45305
45305
45305
45305
45305
45305
45305
45305
45305
45305
45305
45305
45305
45305
45305
45305
45305
45306
45306
45306
45306
45306
45306
45306
45306
45306
45306
45306
45306
45306
45306
45306
45306
45306
45306
45306
45306
45306
45306
45306
45306
45306
45306
45306
45306
45307
45307
45307
45307
45307
45307
45307
45307
45307
45307
45307
45307
45307
45307
45307
45307
45307
45307
45307
45307
45307
45307
45307
45307
45307
45307
45307
45307
45308
45308
45308
45308
45308
45308
45308
45308
45308
45308
45308
45308
45308
45308
45308
45308
45308
45308
45308
45308
45308
45308
45308
45308
45308
45308
45308
45308
45309
45309
45309
45309
45309
45309
45309
45309
45309
45309
45309
45309
45309
45309
45309
45309
45309
45309
45309
45309
45309
45309
45309
45309
45309
45309
45309
45309
45310
45310
45310
45310
45310
45310
45310
45310
45310
45310
45310
45310
45310
45310
45310
45310
45310
45310
45310
45310
45310
45310
45310
45310
45310
45310
45310
45310
45311
45311
45311
45311
45311
45311
45311
45311
45311
45311
45311
45311
45311
45311
45311
45311
45311
45311
45311
45311
45311
45311
45311
45311
45311
45311
45311
45311
45312
45312
45312
45312
45312
45312
45312
45312
45312
45312
45312
45312
45312
45312
45312
45312
45312
45312
45312
45312
45312
45312
45312
45312
45312
45312
45312
45312
45313
45313
45313
45313
45313
45313
45313
45313
45313
45313
45313
45313
45313
45313
45313
45313
45313
45313
45313
45313
45313
45313
45313
45313
45313
45313
45313
45313
45314
45314
45314
45314
45314
45314
45314
45314
45314
45314
45314
45314
45314
45314
45314
45314
45314
45314
45314
45314
45314
45314
45314
45314
45314
45314
45314
45314
45315
45315
45315
45315
45315
45315
45315
45315
45315
45315
45315
45315
45315
45315
45315
45315
45315
45315
45315
45315
45315
45315
45315
45315
45315
45315
45315
45315
45316
45316
45316
45316
45316
45316
45316
45316
45316
45316
45316
45316
45316
45316
45316
45316
45316
45316
45316
45316
45316
45316
45316
45316
45316
45316
45316
45316
45317
45317
45317
45317
45317
45317
45317
45317
45317
45317
45317
45317
45317
45317
45317
45317
45317
45317
45317
45317
45317
45317
45317
45317
45317
45317
45317
45317
45318
45318
45318
45318
45318
45318
45318
45318
45318
45318
45318
45318
45318
45318
45318
45318
45318
45318
45318
45318
45318
45318
45318
45318
45318
45318
45318
45318
45319
45319
45319
45319
45319
45319
45319
45319
45319
45319
45319
45319
45319
45319
45319
45319
45319
45319
45319
45319
45319
45319
45319
45319
45319
45319
45319
45319
45320
45320
45320
45320
45320
45320
45320
45320
45320
45320
45320
45320
45320
45320
45320
45320
45320
45320
45320
45320
45320
45320
45320
45320
45320
45320
45320
45320
45321
45321
45321
45321
45321
45321
45321
45321
45321
45321
45321
45321
45321
45321
45321
45321
45321
45321
45321
45321
45321
45321
45321
45321
45321
45321
45321
45321
45322
45322
45322
45322
45322
45322
45322
45322
45322
45322
45322
45322
45322
45322
45322
45322
45322
45322
45322
45322
45322
45322
45322
45322
45322
45322
45322
45322
45323
45323
45323
45323
45323
45323
45323
45323
45323
45323
45323
45323
45323
45323
45323
45323
45323
45323
45323
45323
45323
45323
45323
45323
45323
45323
45323
45323
45324
45324
45324
45324
45324
45324
45324
45324
45324
45324
45324
45324
45324
45324
45324
45324
45324
45324
45324
45324
45324
45324
45324
45324
45324
45324
45324
45324
45325
45325
45325
45325
45325
45325
45325
45325
45325
45325
45325
45325
45325
45325
45325
45325
45325
45325
45325
45325
45325
45325
45325
45325
45325
45325
45325
45325
45326
45326
45326
45326
45326
45326
45326
45326
45326
45326
45326
45326
45326
45326
45326
45326
45326
45326
45326
45326
45326
45326
45326
45326
45326
45326
45326
45326
45327
45327
45327
45327
45327
45327
45327
45327
45327
45327
45327
45327
45327
45327
45327
45327
45327
45327
45327
45327
45327
45327
45327
45327
45327
45327
45327
45327
45328
45328
45328
45328
45328
45328
45328
45328
45328
45328
45328
45328
45328
45328
45328
45328
45328
45328
45328
45328
45328
45328
45328
45328
45328
45328
45328
45328
45329
45329
45329
45329
45329
45329
45329
45329
45329
45329
45329
45329
45329
45329
45329
45329
45329
45329
45329
45329
45329
45329
45329
45329
45329
45329
45329
45329
45330
45330
45330
45330
45330
45330
45330
45330
45330
45330
45330
45330
45330
45330
45330
45330
45330
45330
45330
45330
45330
45330
45330
45330
45330
45330
45330
45330
45331
45331
45331
45331
45331
45331
45331
45331
45331
45331
45331
45331
45331
45331
45331
45331
45331
45331
45331
45331
45331
45331
45331
45331
45331
45331
45331
45331
45332
45332
45332
45332
45332
45332
45332
45332
45332
45332
45332
45332
45332
45332
45332
45332
45332
45332
45332
45332
45332
45332
45332
45332
45332
45332
45332
45332
45333
45333
45333
45333
45333
45333
45333
45333
45333
45333
45333
45333
45333
45333
45333
45333
45333
45333
45333
45333
45333
45333
45333
45333
45333
45333
45333
45333
45334
45334
45334
45334
45334
45334
45334
45334
45334
45334
45334
45334
45334
45334
45334
45334
45334
45334
45334
45334
45334
45334
45334
45334
45334
45334
45334
45334
45335
45335
45335
45335
45335
45335
45335
45335
45335
45335
45335
45335
45335
45335
45335
45335
45335
45335
45335
45335
45335
45335
45335
45335
45335
45335
45335
45335
45336
45336
45336
45336
45336
45336
45336
45336
45336
45336
45336
45336
45336
45336
45336
45336
45336
45336
45336
45336
45336
45336
45336
45336
45336
45336
45336
45336
45337
45337
45337
45337
45337
45337
45337
45337
45337
45337
45337
45337
45337
45337
45337
45337
45337
45337
45337
45337
45337
45337
45337
45337
45337
45337
45337
45337
45338
45338
45338
45338
45338
45338
45338
45338
45338
45338
45338
45338
45338
45338
45338
45338
45338
45338
45338
45338
45338
45338
45338
45338
45338
45338
45338
45338
45339
45339
45339
45339
45339
45339
45339
45339
45339
45339
45339
45339
45339
45339
45339
45339
45339
45339
45339
45339
45339
45339
45339
45339
45339
45339
45339
45339
45340
45340
45340
45340
45340
45340
45340
45340
45340
45340
45340
45340
45340
45340
45340
45340
45340
45340
45340
45340
45340
45340
45340
45340
45340
45340
45340
45340
45341
45341
45341
45341
45341
45341
45341
45341
45341
45341
45341
45341
45341
45341
45341
45341
45341
45341
45341
45341
45341
45341
45341
45341
45341
45341
45341
45341
45342
45342
45342
45342
45342
45342
45342
45342
45342
45342
45342
45342
45342
45342
45342
45342
45342
45342
45342
45342
45342
45342
45342
45342
45342
45342
45342
45342
45343
45343
45343
45343
45343
45343
45343
45343
45343
45343
45343
45343
45343
45343
45343
45343
45343
45343
45343
45343
45343
45343
45343
45343
45343
45343
45343
45343
45344
45344
45344
45344
45344
45344
45344
45344
45344
45344
45344
45344
45344
45344
45344
45344
45344
45344
45344
45344
45344
45344
45344
45344
45344
45344
45344
45344
45345
45345
45345
45345
45345
45345
45345
45345
45345
45345
45345
45345
45345
45345
45345
45345
45345
45345
45345
45345
45345
45345
45345
45345
45345
45345
45345
45345
45346
45346
45346
45346
45346
45346
45346
45346
45346
45346
45346
45346
45346
45346
45346
45346
45346
45346
45346
45346
45346
45346
45346
45346
45346
45346
45346
45346
45347
45347
45347
45347
45347
45347
45347
45347
45347
45347
45347
45347
45347
45347
45347
45347
45347
45347
45347
45347
45347
45347
45347
45347
45347
45347
45347
45347
45348
45348
45348
45348
45348
45348
45348
45348
45348
45348
45348
45348
45348
45348
45348
45348
45348
45348
45348
45348
45348
45348
45348
45348
45348
45348
45348
45348
45349
45349
45349
45349
45349
45349
45349
45349
45349
45349
45349
45349
45349
45349
45349
45349
45349
45349
45349
45349
45349
45349
45349
45349
45349
45349
45349
45349
45350
45350
45350
45350
45350
45350
45350
45350
45350
45350
45350
45350
45350
45350
45350
45350
45350
45350
45350
45350
45350
45350
45350
45350
45350
45350
45350
45350
45351
45351
45351
45351
45351
45351
45351
45351
45351
45351
45351
45351
45351
45351
45351
45351
45351
45351
45351
45351
45351
45351
45351
45351
45351
45351
45351
45351
45352
45352
45352
45352
45352
45352
45352
45352
45352
45352
45352
45352
45352
45352
45352
45352
45352
45352
45352
45352
45352
45352
45352
45352
45352
45352
45352
45352
45353
45353
45353
45353
45353
45353
45353
45353
45353
45353
45353
45353
45353
45353
45353
45353
45353
45353
45353
45353
45353
45353
45353
45353
45353
45353
45353
45353
45354
45354
45354
45354
45354
45354
45354
45354
45354
45354
45354
45354
45354
45354
45354
45354
45354
45354
45354
45354
45354
45354
45354
45354
45354
45354
45354
45354
45355
45355
45355
45355
45355
45355
45355
45355
45355
45355
45355
45355
45355
45355
45355
45355
45355
45355
45355
45355
45355
45355
45355
45355
45355
45355
45355
45355
45356
45356
45356
45356
45356
45356
45356
45356
45356
45356
45356
45356
45356
45356
45356
45356
45356
45356
45356
45356
45356
45356
45356
45356
45356
45356
45356
45356
45357
45357
45357
45357
45357
45357
45357
45357
45357
45357
45357
45357
45357
45357
45357
45357
45357
45357
45357
45357
45357
45357
45357
45357
45357
45357
45357
45357
45358
45358
45358
45358
45358
45358
45358
45358
45358
45358
45358
45358
45358
45358
45358
45358
45358
45358
45358
45358
45358
45358
45358
45358
45358
45358
45358
45358
45359
45359
45359
45359
45359
45359
45359
45359
45359
45359
45359
45359
45359
45359
45359
45359
45359
45359
45359
45359
45359
45359
45359
45359
45359
45359
45359
45359
45360
45360
45360
45360
45360
45360
45360
45360
45360
45360
45360
45360
45360
45360
45360
45360
45360
45360
45360
45360
45360
45360
45360
45360
45360
45360
45360
45360
45361
45361
45361
45361
45361
45361
45361
45361
45361
45361
45361
45361
45361
45361
45361
45361
45361
45361
45361
45361
45361
45361
45361
45361
45361
45361
45361
45361
45362
45362
45362
45362
45362
45362
45362
45362
45362
45362
45362
45362
45362
45362
45362
45362
45362
45362
45362
45362
45362
45362
45362
45362
45362
45362
45362
45362
45363
45363
45363
45363
45363
45363
45363
45363
45363
45363
45363
45363
45363
45363
45363
45363
45363
45363
45363
45363
45363
45363
45363
45363
45363
45363
45363
45363
45364
45364
45364
45364
45364
45364
45364
45364
45364
45364
45364
45364
45364
45364
45364
45364
45364
45364
45364
45364
45364
45364
45364
45364
45364
45364
45364
45364
45365
45365
45365
45365
45365
45365
45365
45365
45365
45365
45365
45365
45365
45365
45365
45365
45365
45365
45365
45365
45365
45365
45365
45365
45365
45365
45365
45365
45366
45366
45366
45366
45366
45366
45366
45366
45366
45366
45366
45366
45366
45366
45366
45366
45366
45366
45366
45366
45366
45366
45366
45366
45366
45366
45366
45366
45367
45367
45367
45367
45367
45367
45367
45367
45367
45367
45367
45367
45367
45367
45367
45367
45367
45367
45367
45367
45367
45367
45367
45367
45367
45367
45367
45367
45368
45368
45368
45368
45368
45368
45368
45368
45368
45368
45368
45368
45368
45368
45368
45368
45368
45368
45368
45368
45368
45368
45368
45368
45368
45368
45368
45368
45369
45369
45369
45369
45369
45369
45369
45369
45369
45369
45369
45369
45369
45369
45369
45369
45369
45369
45369
45369
45369
45369
45369
45369
45369
45369
45369
45369
45370
45370
45370
45370
45370
45370
45370
45370
45370
45370
45370
45370
45370
45370
45370
45370
45370
45370
45370
45370
45370
45370
45370
45370
45370
45370
45370
45370
45371
45371
45371
45371
45371
45371
45371
45371
45371
45371
45371
45371
45371
45371
45371
45371
45371
45371
45371
45371
45371
45371
45371
45371
45371
45371
45371
45371
45372
45372
45372
45372
45372
45372
45372
45372
45372
45372
45372
45372
45372
45372
45372
45372
45372
45372
45372
45372
45372
45372
45372
45372
45372
45372
45372
45372
45373
45373
45373
45373
45373
45373
45373
45373
45373
45373
45373
45373
45373
45373
45373
45373
45373
45373
45373
45373
45373
45373
45373
45373
45373
45373
45373
45373
45374
45374
45374
45374
45374
45374
45374
45374
45374
45374
45374
45374
45374
45374
45374
45374
45374
45374
45374
45374
45374
45374
45374
45374
45374
45374
45374
45374
45375
45375
45375
45375
45375
45375
45375
45375
45375
45375
45375
45375
45375
45375
45375
45375
45375
45375
45375
45375
45375
45375
45375
45375
45375
45375
45375
45375
45376
45376
45376
45376
45376
45376
45376
45376
45376
45376
45376
45376
45376
45376
45376
45376
45376
45376
45376
45376
45376
45376
45376
45376
45376
45376
45376
45376
45377
45377
45377
45377
45377
45377
45377
45377
45377
45377
45377
45377
45377
45377
45377
45377
45377
45377
45377
45377
45377
45377
45377
45377
45377
45377
45377
45377
45378
45378
45378
45378
45378
45378
45378
45378
45378
45378
45378
45378
45378
45378
45378
45378
45378
45378
45378
45378
45378
45378
45378
45378
45378
45378
45378
45378
45379
45379
45379
45379
45379
45379
45379
45379
45379
45379
45379
45379
45379
45379
45379
45379
45379
45379
45379
45379
45379
45379
45379
45379
45379
45379
45379
45379
45380
45380
45380
45380
45380
45380
45380
45380
45380
45380
45380
45380
45380
45380
45380
45380
45380
45380
45380
45380
45380
45380
45380
45380
45380
45380
45380
45380
45381
45381
45381
45381
45381
45381
45381
45381
45381
45381
45381
45381
45381
45381
45381
45381
45381
45381
45381
45381
45381
45381
45381
45381
45381
45381
45381
45381
45382
45382
45382
45382
45382
45382
45382
45382
45382
45382
45382
45382
45382
45382
45382
45382
45382
45382
45382
45382
45382
45382
45382
45382
45382
45382
45382
45382
45383
45383
45383
45383
45383
45383
45383
45383
45383
45383
45383
45383
45383
45383
45383
45383
45383
45383
45383
45383
45383
45383
45383
45383
45383
45383
45383
45383
45384
45384
45384
45384
45384
45384
45384
45384
45384
45384
45384
45384
45384
45384
45384
45384
45384
45384
45384
45384
45384
45384
45384
45384
45384
45384
45384
45384
45385
45385
45385
45385
45385
45385
45385
45385
45385
45385
45385
45385
45385
45385
45385
45385
45385
45385
45385
45385
45385
45385
45385
45385
45385
45385
45385
45385
45386
45386
45386
45386
45386
45386
45386
45386
45386
45386
45386
45386
45386
45386
45386
45386
45386
45386
45386
45386
45386
45386
45386
45386
45386
45386
45386
45386
45387
45387
45387
45387
45387
45387
45387
45387
45387
45387
45387
45387
45387
45387
45387
45387
45387
45387
45387
45387
45387
45387
45387
45387
45387
45387
45387
45387
45388
45388
45388
45388
45388
45388
45388
45388
45388
45388
45388
45388
45388
45388
45388
45388
45388
45388
45388
45388
45388
45388
45388
45388
45388
45388
45388
45388
45389
45389
45389
45389
45389
45389
45389
45389
45389
45389
45389
45389
45389
45389
45389
45389
45389
45389
45389
45389
45389
45389
45389
45389
45389
45389
45389
45389
45390
45390
45390
45390
45390
45390
45390
45390
45390
45390
45390
45390
45390
45390
45390
45390
45390
45390
45390
45390
45390
45390
45390
45390
45390
45390
45390
45390
45391
45391
45391
45391
45391
45391
45391
45391
45391
45391
45391
45391
45391
45391
45391
45391
45391
45391
45391
45391
45391
45391
45391
45391
45391
45391
45391
45391
45392
45392
45392
45392
45392
45392
45392
45392
45392
45392
45392
45392
45392
45392
45392
45392
45392
45392
45392
45392
45392
45392
45392
45392
45392
45392
45392
45392
45393
45393
45393
45393
45393
45393
45393
45393
45393
45393
45393
45393
45393
45393
45393
45393
45393
45393
45393
45393
45393
45393
45393
45393
45393
45393
45393
45393
45394
45394
45394
45394
45394
45394
45394
45394
45394
45394
45394
45394
45394
45394
45394
45394
45394
45394
45394
45394
45394
45394
45394
45394
45394
45394
45394
45394
45395
45395
45395
45395
45395
45395
45395
45395
45395
45395
45395
45395
45395
45395
45395
45395
45395
45395
45395
45395
45395
45395
45395
45395
45395
45395
45395
45395
45396
45396
45396
45396
45396
45396
45396
45396
45396
45396
45396
45396
45396
45396
45396
45396
45396
45396
45396
45396
45396
45396
45396
45396
45396
45396
45396
45396
45397
45397
45397
45397
45397
45397
45397
45397
45397
45397
45397
45397
45397
45397
45397
45397
45397
45397
45397
45397
45397
45397
45397
45397
45397
45397
45397
45397
45398
45398
45398
45398
45398
45398
45398
45398
45398
45398
45398
45398
45398
45398
45398
45398
45398
45398
45398
45398
45398
45398
45398
45398
45398
45398
45398
45398
45399
45399
45399
45399
45399
45399
45399
45399
45399
45399
45399
45399
45399
45399
45399
45399
45399
45399
45399
45399
45399
45399
45399
45399
45399
45399
45399
45399
45400
45400
45400
45400
45400
45400
45400
45400
45400
45400
45400
45400
45400
45400
45400
45400
45400
45400
45400
45400
45400
45400
45400
45400
45400
45400
45400
45400
45401
45401
45401
45401
45401
45401
45401
45401
45401
45401
45401
45401
45401
45401
45401
45401
45401
45401
45401
45401
45401
45401
45401
45401
45401
45401
45401
45401
45402
45402
45402
45402
45402
45402
45402
45402
45402
45402
45402
45402
45402
45402
45402
45402
45402
45402
45402
45402
45402
45402
45402
45402
45402
45402
45402
45402
45403
45403
45403
45403
45403
45403
45403
45403
45403
45403
45403
45403
45403
45403
45403
45403
45403
45403
45403
45403
45403
45403
45403
45403
45403
45403
45403
45403
45404
45404
45404
45404
45404
45404
45404
45404
45404
45404
45404
45404
45404
45404
45404
45404
45404
45404
45404
45404
45404
45404
45404
45404
45404
45404
45404
45404
45405
45405
45405
45405
45405
45405
45405
45405
45405
45405
45405
45405
45405
45405
45405
45405
45405
45405
45405
45405
45405
45405
45405
45405
45405
45405
45405
45405
45406
45406
45406
45406
45406
45406
45406
45406
45406
45406
45406
45406
45406
45406
45406
45406
45406
45406
45406
45406
45406
45406
45406
45406
45406
45406
45406
45406
45407
45407
45407
45407
45407
45407
45407
45407
45407
45407
45407
45407
45407
45407
45407
45407
45407
45407
45407
45407
45407
45407
45407
45407
45407
45407
45407
45407
45408
45408
45408
45408
45408
45408
45408
45408
45408
45408
45408
45408
45408
45408
45408
45408
45408
45408
45408
45408
45408
45408
45408
45408
45408
45408
45408
45408
45409
45409
45409
45409
45409
45409
45409
45409
45409
45409
45409
45409
45409
45409
45409
45409
45409
45409
45409
45409
45409
45409
45409
45409
45409
45409
45409
45409
45410
45410
45410
45410
45410
45410
45410
45410
45410
45410
45410
45410
45410
45410
45410
45410
45410
45410
45410
45410
45410
45410
45410
45410
45410
45410
45410
45410
45411
45411
45411
45411
45411
45411
45411
45411
45411
45411
45411
45411
45411
45411
45411
45411
45411
45411
45411
45411
45411
45411
45411
45411
45411
45411
45411
45411
45412
45412
45412
45412
45412
45412
45412
45412
45412
45412
45412
45412
45412
45412
45412
45412
45412
45412
45412
45412
45412
45412
45412
45412
45412
45412
45412
45412
45413
45413
45413
45413
45413
45413
45413
45413
45413
45413
45413
45413
45413
45413
45413
45413
45413
45413
45413
45413
45413
45413
45413
45413
45413
45413
45413
45413
45414
45414
45414
45414
45414
45414
45414
45414
45414
45414
45414
45414
45414
45414
45414
45414
45414
45414
45414
45414
45414
45414
45414
45414
45414
45414
45414
45414
45415
45415
45415
45415
45415
45415
45415
45415
45415
45415
45415
45415
45415
45415
45415
45415
45415
45415
45415
45415
45415
45415
45415
45415
45415
45415
45415
45415
45416
45416
45416
45416
45416
45416
45416
45416
45416
45416
45416
45416
45416
45416
45416
45416
45416
45416
45416
45416
45416
45416
45416
45416
45416
45416
45416
45416
45417
45417
45417
45417
45417
45417
45417
45417
45417
45417
45417
45417
45417
45417
45417
45417
45417
45417
45417
45417
45417
45417
45417
45417
45417
45417
45417
45417
45418
45418
45418
45418
45418
45418
45418
45418
45418
45418
45418
45418
45418
45418
45418
45418
45418
45418
45418
45418
45418
45418
45418
45418
45418
45418
45418
45418
45419
45419
45419
45419
45419
45419
45419
45419
45419
45419
45419
45419
45419
45419
45419
45419
45419
45419
45419
45419
45419
45419
45419
45419
45419
45419
45419
45419
45420
45420
45420
45420
45420
45420
45420
45420
45420
45420
45420
45420
45420
45420
45420
45420
45420
45420
45420
45420
45420
45420
45420
45420
45420
45420
45420
45420
45421
45421
45421
45421
45421
45421
45421
45421
45421
45421
45421
45421
45421
45421
45421
45421
45421
45421
45421
45421
45421
45421
45421
45421
45421
45421
45421
45421
45422
45422
45422
45422
45422
45422
45422
45422
45422
45422
45422
45422
45422
45422
45422
45422
45422
45422
45422
45422
45422
45422
45422
45422
45422
45422
45422
45422
45423
45423
45423
45423
45423
45423
45423
45423
45423
45423
45423
45423
45423
45423
45423
45423
45423
45423
45423
45423
45423
45423
45423
45423
45423
45423
45423
45423
45424
45424
45424
45424
45424
45424
45424
45424
45424
45424
45424
45424
45424
45424
45424
45424
45424
45424
45424
45424
45424
45424
45424
45424
45424
45424
45424
45424
45425
45425
45425
45425
45425
45425
45425
45425
45425
45425
45425
45425
45425
45425
45425
45425
45425
45425
45425
45425
45425
45425
45425
45425
45425
45425
45425
45425
45426
45426
45426
45426
45426
45426
45426
45426
45426
45426
45426
45426
45426
45426
45426
45426
45426
45426
45426
45426
45426
45426
45426
45426
45426
45426
45426
45426
45427
45427
45427
45427
45427
45427
45427
45427
45427
45427
45427
45427
45427
45427
45427
45427
45427
45427
45427
45427
45427
45427
45427
45427
45427
45427
45427
45427
45428
45428
45428
45428
45428
45428
45428
45428
45428
45428
45428
45428
45428
45428
45428
45428
45428
45428
45428
45428
45428
45428
45428
45428
45428
45428
45428
45428
45429
45429
45429
45429
45429
45429
45429
45429
45429
45429
45429
45429
45429
45429
45429
45429
45429
45429
45429
45429
45429
45429
45429
45429
45429
45429
45429
45429
45430
45430
45430
45430
45430
45430
45430
45430
45430
45430
45430
45430
45430
45430
45430
45430
45430
45430
45430
45430
45430
45430
45430
45430
45430
45430
45430
45430
45431
45431
45431
45431
45431
45431
45431
45431
45431
45431
45431
45431
45431
45431
45431
45431
45431
45431
45431
45431
45431
45431
45431
45431
45431
45431
45431
45431
45432
45432
45432
45432
45432
45432
45432
45432
45432
45432
45432
45432
45432
45432
45432
45432
45432
45432
45432
45432
45432
45432
45432
45432
45432
45432
45432
45432
45433
45433
45433
45433
45433
45433
45433
45433
45433
45433
45433
45433
45433
45433
45433
45433
45433
45433
45433
45433
45433
45433
45433
45433
45433
45433
45433
45433
45434
45434
45434
45434
45434
45434
45434
45434
45434
45434
45434
45434
45434
45434
45434
45434
45434
45434
45434
45434
45434
45434
45434
45434
45434
45434
45434
45434
45435
45435
45435
45435
45435
45435
45435
45435
45435
45435
45435
45435
45435
45435
45435
45435
45435
45435
45435
45435
45435
45435
45435
45435
45435
45435
45435
45435
45436
45436
45436
45436
45436
45436
45436
45436
45436
45436
45436
45436
45436
45436
45436
45436
45436
45436
45436
45436
45436
45436
45436
45436
45436
45436
45436
45436
45437
45437
45437
45437
45437
45437
45437
45437
45437
45437
45437
45437
45437
45437
45437
45437
45437
45437
45437
45437
45437
45437
45437
45437
45437
45437
45437
45437
45438
45438
45438
45438
45438
45438
45438
45438
45438
45438
45438
45438
45438
45438
45438
45438
45438
45438
45438
45438
45438
45438
45438
45438
45438
45438
45438
45438
45439
45439
45439
45439
45439
45439
45439
45439
45439
45439
45439
45439
45439
45439
45439
45439
45439
45439
45439
45439
45439
45439
45439
45439
45439
45439
45439
45439
45440
45440
45440
45440
45440
45440
45440
45440
45440
45440
45440
45440
45440
45440
45440
45440
45440
45440
45440
45440
45440
45440
45440
45440
45440
45440
45440
45440
45441
45441
45441
45441
45441
45441
45441
45441
45441
45441
45441
45441
45441
45441
45441
45441
45441
45441
45441
45441
45441
45441
45441
45441
45441
45441
45441
45441
45442
45442
45442
45442
45442
45442
45442
45442
45442
45442
45442
45442
45442
45442
45442
45442
45442
45442
45442
45442
45442
45442
45442
45442
45442
45442
45442
45442
45443
45443
45443
45443
45443
45443
45443
45443
45443
45443
45443
45443
45443
45443
45443
45443
45443
45443
45443
45443
45443
45443
45443
45443
45443
45443
45443
45443
45444
45444
45444
45444
45444
45444
45444
45444
45444
45444
45444
45444
45444
45444
45444
45444
45444
45444
45444
45444
45444
45444
45444
45444
45444
45444
45444
45444
45445
45445
45445
45445
45445
45445
45445
45445
45445
45445
45445
45445
45445
45445
45445
45445
45445
45445
45445
45445
45445
45445
45445
45445
45445
45445
45445
45445
45446
45446
45446
45446
45446
45446
45446
45446
45446
45446
45446
45446
45446
45446
45446
45446
45446
45446
45446
45446
45446
45446
45446
45446
45446
45446
45446
45446
45447
45447
45447
45447
45447
45447
45447
45447
45447
45447
45447
45447
45447
45447
45447
45447
45447
45447
45447
45447
45447
45447
45447
45447
45447
45447
45447
45447
45448
45448
45448
45448
45448
45448
45448
45448
45448
45448
45448
45448
45448
45448
45448
45448
45448
45448
45448
45448
45448
45448
45448
45448
45448
45448
45448
45448
45449
45449
45449
45449
45449
45449
45449
45449
45449
45449
45449
45449
45449
45449
45449
45449
45449
45449
45449
45449
45449
45449
45449
45449
45449
45449
45449
45449
45450
45450
45450
45450
45450
45450
45450
45450
45450
45450
45450
45450
45450
45450
45450
45450
45450
45450
45450
45450
45450
45450
45450
45450
45450
45450
45450
45450
45451
45451
45451
45451
45451
45451
45451
45451
45451
45451
45451
45451
45451
45451
45451
45451
45451
45451
45451
45451
45451
45451
45451
45451
45451
45451
45451
45451
45452
45452
45452
45452
45452
45452
45452
45452
45452
45452
45452
45452
45452
45452
45452
45452
45452
45452
45452
45452
45452
45452
45452
45452
45452
45452
45452
45452
45453
45453
45453
45453
45453
45453
45453
45453
45453
45453
45453
45453
45453
45453
45453
45453
45453
45453
45453
45453
45453
45453
45453
45453
45453
45453
45453
45453
45454
45454
45454
45454
45454
45454
45454
45454
45454
45454
45454
45454
45454
45454
45454
45454
45454
45454
45454
45454
45454
45454
45454
45454
45454
45454
45454
45454
45455
45455
45455
45455
45455
45455
45455
45455
45455
45455
45455
45455
45455
45455
45455
45455
45455
45455
45455
45455
45455
45455
45455
45455
45455
45455
45455
45455
45456
45456
45456
45456
45456
45456
45456
45456
45456
45456
45456
45456
45456
45456
45456
45456
45456
45456
45456
45456
45456
45456
45456
45456
45456
45456
45456
45456
45457
45457
45457
45457
45457
45457
45457
45457
45457
45457
45457
45457
45457
45457
45457
45457
45457
45457
45457
45457
45457
45457
45457
45457
45457
45457
45457
45457
45458
45458
45458
45458
45458
45458
45458
45458
45458
45458
45458
45458
45458
45458
45458
45458
45458
45458
45458
45458
45458
45458
45458
45458
45458
45458
45458
45458
45459
45459
45459
45459
45459
45459
45459
45459
45459
45459
45459
45459
45459
45459
45459
45459
45459
45459
45459
45459
45459
45459
45459
45459
45459
45459
45459
45459
45460
45460
45460
45460
45460
45460
45460
45460
45460
45460
45460
45460
45460
45460
45460
45460
45460
45460
45460
45460
45460
45460
45460
45460
45460
45460
45460
45460
45461
45461
45461
45461
45461
45461
45461
45461
45461
45461
45461
45461
45461
45461
45461
45461
45461
45461
45461
45461
45461
45461
45461
45461
45461
45461
45461
45461
45462
45462
45462
45462
45462
45462
45462
45462
45462
45462
45462
45462
45462
45462
45462
45462
45462
45462
45462
45462
45462
45462
45462
45462
45462
45462
45462
45462
45463
45463
45463
45463
45463
45463
45463
45463
45463
45463
45463
45463
45463
45463
45463
45463
45463
45463
45463
45463
45463
45463
45463
45463
45463
45463
45463
45463
45464
45464
45464
45464
45464
45464
45464
45464
45464
45464
45464
45464
45464
45464
45464
45464
45464
45464
45464
45464
45464
45464
45464
45464
45464
45464
45464
45464
45465
45465
45465
45465
45465
45465
45465
45465
45465
45465
45465
45465
45465
45465
45465
45465
45465
45465
45465
45465
45465
45465
45465
45465
45465
45465
45465
45465
45466
45466
45466
45466
45466
45466
45466
45466
45466
45466
45466
45466
45466
45466
45466
45466
45466
45466
45466
45466
45466
45466
45466
45466
45466
45466
45466
45466
45467
45467
45467
45467
45467
45467
45467
45467
45467
45467
45467
45467
45467
45467
45467
45467
45467
45467
45467
45467
45467
45467
45467
45467
45467
45467
45467
45467
45468
45468
45468
45468
45468
45468
45468
45468
45468
45468
45468
45468
45468
45468
45468
45468
45468
45468
45468
45468
45468
45468
45468
45468
45468
45468
45468
45468
45469
45469
45469
45469
45469
45469
45469
45469
45469
45469
45469
45469
45469
45469
45469
45469
45469
45469
45469
45469
45469
45469
45469
45469
45469
45469
45469
45469
45470
45470
45470
45470
45470
45470
45470
45470
45470
45470
45470
45470
45470
45470
45470
45470
45470
45470
45470
45470
45470
45470
45470
45470
45470
45470
45470
45470
45471
45471
45471
45471
45471
45471
45471
45471
45471
45471
45471
45471
45471
45471
45471
45471
45471
45471
45471
45471
45471
45471
45471
45471
45471
45471
45471
45471
45472
45472
45472
45472
45472
45472
45472
45472
45472
45472
45472
45472
45472
45472
45472
45472
45472
45472
45472
45472
45472
45472
45472
45472
45472
45472
45472
45472
45473
45473
45473
45473
45473
45473
45473
45473
45473
45473
45473
45473
45473
45473
45473
45473
45473
45473
45473
45473
45473
45473
45473
45473
45473
45473
45473
45473
45474
45474
45474
45474
45474
45474
45474
45474
45474
45474
45474
45474
45474
45474
45474
45474
45474
45474
45474
45474
45474
45474
45474
45474
45474
45474
45474
45474
45475
45475
45475
45475
45475
45475
45475
45475
45475
45475
45475
45475
45475
45475
45475
45475
45475
45475
45475
45475
45475
45475
45475
45475
45475
45475
45475
45475
45476
45476
45476
45476
45476
45476
45476
45476
45476
45476
45476
45476
45476
45476
45476
45476
45476
45476
45476
45476
45476
45476
45476
45476
45476
45476
45476
45476
45477
45477
45477
45477
45477
45477
45477
45477
45477
45477
45477
45477
45477
45477
45477
45477
45477
45477
45477
45477
45477
45477
45477
45477
45477
45477
45477
45477
45478
45478
45478
45478
45478
45478
45478
45478
45478
45478
45478
45478
45478
45478
45478
45478
45478
45478
45478
45478
45478
45478
45478
45478
45478
45478
45478
45478
45479
45479
45479
45479
45479
45479
45479
45479
45479
45479
45479
45479
45479
45479
45479
45479
45479
45479
45479
45479
45479
45479
45479
45479
45479
45479
45479
45479
45480
45480
45480
45480
45480
45480
45480
45480
45480
45480
45480
45480
45480
45480
45480
45480
45480
45480
45480
45480
45480
45480
45480
45480
45480
45480
45480
45480
45481
45481
45481
45481
45481
45481
45481
45481
45481
45481
45481
45481
45481
45481
45481
45481
45481
45481
45481
45481
45481
45481
45481
45481
45481
45481
45481
45481
45482
45482
45482
45482
45482
45482
45482
45482
45482
45482
45482
45482
45482
45482
45482
45482
45482
45482
45482
45482
45482
45482
45482
45482
45482
45482
45482
45482
45483
45483
45483
45483
45483
45483
45483
45483
45483
45483
45483
45483
45483
45483
45483
45483
45483
45483
45483
45483
45483
45483
45483
45483
45483
45483
45483
45483
45484
45484
45484
45484
45484
45484
45484
45484
45484
45484
45484
45484
45484
45484
45484
45484
45484
45484
45484
45484
45484
45484
45484
45484
45484
45484
45484
45484
45485
45485
45485
45485
45485
45485
45485
45485
45485
45485
45485
45485
45485
45485
45485
45485
45485
45485
45485
45485
45485
45485
45485
45485
45485
45485
45485
45485
45486
45486
45486
45486
45486
45486
45486
45486
45486
45486
45486
45486
45486
45486
45486
45486
45486
45486
45486
45486
45486
45486
45486
45486
45486
45486
45486
45486
45487
45487
45487
45487
45487
45487
45487
45487
45487
45487
45487
45487
45487
45487
45487
45487
45487
45487
45487
45487
45487
45487
45487
45487
45487
45487
45487
45487
45488
45488
45488
45488
45488
45488
45488
45488
45488
45488
45488
45488
45488
45488
45488
45488
45488
45488
45488
45488
45488
45488
45488
45488
45488
45488
45488
45488
45489
45489
45489
45489
45489
45489
45489
45489
45489
45489
45489
45489
45489
45489
45489
45489
45489
45489
45489
45489
45489
45489
45489
45489
45489
45489
45489
45489
45490
45490
45490
45490
45490
45490
45490
45490
45490
45490
45490
45490
45490
45490
45490
45490
45490
45490
45490
45490
45490
45490
45490
45490
45490
45490
45490
45490
45491
45491
45491
45491
45491
45491
45491
45491
45491
45491
45491
45491
45491
45491
45491
45491
45491
45491
45491
45491
45491
45491
45491
45491
45491
45491
45491
45491
45492
45492
45492
45492
45492
45492
45492
45492
45492
45492
45492
45492
45492
45492
45492
45492
45492
45492
45492
45492
45492
45492
45492
45492
45492
45492
45492
45492
45493
45493
45493
45493
45493
45493
45493
45493
45493
45493
45493
45493
45493
45493
45493
45493
45493
45493
45493
45493
45493
45493
45493
45493
45493
45493
45493
45493
45494
45494
45494
45494
45494
45494
45494
45494
45494
45494
45494
45494
45494
45494
45494
45494
45494
45494
45494
45494
45494
45494
45494
45494
45494
45494
45494
45494
45495
45495
45495
45495
45495
45495
45495
45495
45495
45495
45495
45495
45495
45495
45495
45495
45495
45495
45495
45495
45495
45495
45495
45495
45495
45495
45495
45495
45496
45496
45496
45496
45496
45496
45496
45496
45496
45496
45496
45496
45496
45496
45496
45496
45496
45496
45496
45496
45496
45496
45496
45496
45496
45496
45496
45496
45497
45497
45497
45497
45497
45497
45497
45497
45497
45497
45497
45497
45497
45497
45497
45497
45497
45497
45497
45497
45497
45497
45497
45497
45497
45497
45497
45497
45498
45498
45498
45498
45498
45498
45498
45498
45498
45498
45498
45498
45498
45498
45498
45498
45498
45498
45498
45498
45498
45498
45498
45498
45498
45498
45498
45498
45499
45499
45499
45499
45499
45499
45499
45499
45499
45499
45499
45499
45499
45499
45499
45499
45499
45499
45499
45499
45499
45499
45499
45499
45499
45499
45499
45499
45500
45500
45500
45500
45500
45500
45500
45500
45500
45500
45500
45500
45500
45500
45500
45500
45500
45500
45500
45500
45500
45500
45500
45500
45500
45500
45500
45500
45501
45501
45501
45501
45501
45501
45501
45501
45501
45501
45501
45501
45501
45501
45501
45501
45501
45501
45501
45501
45501
45501
45501
45501
45501
45501
45501
45501
45502
45502
45502
45502
45502
45502
45502
45502
45502
45502
45502
45502
45502
45502
45502
45502
45502
45502
45502
45502
45502
45502
45502
45502
45502
45502
45502
45502
45503
45503
45503
45503
45503
45503
45503
45503
45503
45503
45503
45503
45503
45503
45503
45503
45503
45503
45503
45503
45503
45503
45503
45503
45503
45503
45503
45503
45504
45504
45504
45504
45504
45504
45504
45504
45504
45504
45504
45504
45504
45504
45504
45504
45504
45504
45504
45504
45504
45504
45504
45504
45504
45504
45504
45504
45505
45505
45505
45505
45505
45505
45505
45505
45505
45505
45505
45505
45505
45505
45505
45505
45505
45505
45505
45505
45505
45505
45505
45505
45505
45505
45505
45505
45506
45506
45506
45506
45506
45506
45506
45506
45506
45506
45506
45506
45506
45506
45506
45506
45506
45506
45506
45506
45506
45506
45506
45506
45506
45506
45506
45506
45507
45507
45507
45507
45507
45507
45507
45507
45507
45507
45507
45507
45507
45507
45507
45507
45507
45507
45507
45507
45507
45507
45507
45507
45507
45507
45507
45507
45508
45508
45508
45508
45508
45508
45508
45508
45508
45508
45508
45508
45508
45508
45508
45508
45508
45508
45508
45508
45508
45508
45508
45508
45508
45508
45508
45508
45509
45509
45509
45509
45509
45509
45509
45509
45509
45509
45509
45509
45509
45509
45509
45509
45509
45509
45509
45509
45509
45509
45509
45509
45509
45509
45509
45509
45510
45510
45510
45510
45510
45510
45510
45510
45510
45510
45510
45510
45510
45510
45510
45510
45510
45510
45510
45510
45510
45510
45510
45510
45510
45510
45510
45510
45511
45511
45511
45511
45511
45511
45511
45511
45511
45511
45511
45511
45511
45511
45511
45511
45511
45511
45511
45511
45511
45511
45511
45511
45511
45511
45511
45511
45512
45512
45512
45512
45512
45512
45512
45512
45512
45512
45512
45512
45512
45512
45512
45512
45512
45512
45512
45512
45512
45512
45512
45512
45512
45512
45512
45512
45513
45513
45513
45513
45513
45513
45513
45513
45513
45513
45513
45513
45513
45513
45513
45513
45513
45513
45513
45513
45513
45513
45513
45513
45513
45513
45513
45513
45514
45514
45514
45514
45514
45514
45514
45514
45514
45514
45514
45514
45514
45514
45514
45514
45514
45514
45514
45514
45514
45514
45514
45514
45514
45514
45514
45514
45515
45515
45515
45515
45515
45515
45515
45515
45515
45515
45515
45515
45515
45515
45515
45515
45515
45515
45515
45515
45515
45515
45515
45515
45515
45515
45515
45515
45516
45516
45516
45516
45516
45516
45516
45516
45516
45516
45516
45516
45516
45516
45516
45516
45516
45516
45516
45516
45516
45516
45516
45516
45516
45516
45516
45516
45517
45517
45517
45517
45517
45517
45517
45517
45517
45517
45517
45517
45517
45517
45517
45517
45517
45517
45517
45517
45517
45517
45517
45517
45517
45517
45517
45517
45518
45518
45518
45518
45518
45518
45518
45518
45518
45518
45518
45518
45518
45518
45518
45518
45518
45518
45518
45518
45518
45518
45518
45518
45518
45518
45518
45518
45519
45519
45519
45519
45519
45519
45519
45519
45519
45519
45519
45519
45519
45519
45519
45519
45519
45519
45519
45519
45519
45519
45519
45519
45519
45519
45519
45519
45520
45520
45520
45520
45520
45520
45520
45520
45520
45520
45520
45520
45520
45520
45520
45520
45520
45520
45520
45520
45520
45520
45520
45520
45520
45520
45520
45520
45521
45521
45521
45521
45521
45521
45521
45521
45521
45521
45521
45521
45521
45521
45521
45521
45521
45521
45521
45521
45521
45521
45521
45521
45521
45521
45521
45521
45522
45522
45522
45522
45522
45522
45522
45522
45522
45522
45522
45522
45522
45522
45522
45522
45522
45522
45522
45522
45522
45522
45522
45522
45522
45522
45522
45522
45523
45523
45523
45523
45523
45523
45523
45523
45523
45523
45523
45523
45523
45523
45523
45523
45523
45523
45523
45523
45523
45523
45523
45523
45523
45523
45523
45523
45524
45524
45524
45524
45524
45524
45524
45524
45524
45524
45524
45524
45524
45524
45524
45524
45524
45524
45524
45524
45524
45524
45524
45524
45524
45524
45524
45524
45525
45525
45525
45525
45525
45525
45525
45525
45525
45525
45525
45525
45525
45525
45525
45525
45525
45525
45525
45525
45525
45525
45525
45525
45525
45525
45525
45525
45526
45526
45526
45526
45526
45526
45526
45526
45526
45526
45526
45526
45526
45526
45526
45526
45526
45526
45526
45526
45526
45526
45526
45526
45526
45526
45526
45526
45527
45527
45527
45527
45527
45527
45527
45527
45527
45527
45527
45527
45527
45527
45527
45527
45527
45527
45527
45527
45527
45527
45527
45527
45527
45527
45527
45527
45528
45528
45528
45528
45528
45528
45528
45528
45528
45528
45528
45528
45528
45528
45528
45528
45528
45528
45528
45528
45528
45528
45528
45528
45528
45528
45528
45528
45529
45529
45529
45529
45529
45529
45529
45529
45529
45529
45529
45529
45529
45529
45529
45529
45529
45529
45529
45529
45529
45529
45529
45529
45529
45529
45529
45529
45530
45530
45530
45530
45530
45530
45530
45530
45530
45530
45530
45530
45530
45530
45530
45530
45530
45530
45530
45530
45530
45530
45530
45530
45530
45530
45530
45530
45531
45531
45531
45531
45531
45531
45531
45531
45531
45531
45531
45531
45531
45531
45531
45531
45531
45531
45531
45531
45531
45531
45531
45531
45531
45531
45531
45531
45532
45532
45532
45532
45532
45532
45532
45532
45532
45532
45532
45532
45532
45532
45532
45532
45532
45532
45532
45532
45532
45532
45532
45532
45532
45532
45532
45532
45533
45533
45533
45533
45533
45533
45533
45533
45533
45533
45533
45533
45533
45533
45533
45533
45533
45533
45533
45533
45533
45533
45533
45533
45533
45533
45533
45533
45534
45534
45534
45534
45534
45534
45534
45534
45534
45534
45534
45534
45534
45534
45534
45534
45534
45534
45534
45534
45534
45534
45534
45534
45534
45534
45534
45534
45535
45535
45535
45535
45535
45535
45535
45535
45535
45535
45535
45535
45535
45535
45535
45535
45535
45535
45535
45535
45535
45535
45535
45535
45535
45535
45535
45535
45536
45536
45536
45536
45536
45536
45536
45536
45536
45536
45536
45536
45536
45536
45536
45536
45536
45536
45536
45536
45536
45536
45536
45536
45536
45536
45536
45536
45537
45537
45537
45537
45537
45537
45537
45537
45537
45537
45537
45537
45537
45537
45537
45537
45537
45537
45537
45537
45537
45537
45537
45537
45537
45537
45537
45537
45538
45538
45538
45538
45538
45538
45538
45538
45538
45538
45538
45538
45538
45538
45538
45538
45538
45538
45538
45538
45538
45538
45538
45538
45538
45538
45538
45538
45539
45539
45539
45539
45539
45539
45539
45539
45539
45539
45539
45539
45539
45539
45539
45539
45539
45539
45539
45539
45539
45539
45539
45539
45539
45539
45539
45539
45540
45540
45540
45540
45540
45540
45540
45540
45540
45540
45540
45540
45540
45540
45540
45540
45540
45540
45540
45540
45540
45540
45540
45540
45540
45540
45540
45540
45541
45541
45541
45541
45541
45541
45541
45541
45541
45541
45541
45541
45541
45541
45541
45541
45541
45541
45541
45541
45541
45541
45541
45541
45541
45541
45541
45541
45542
45542
45542
45542
45542
45542
45542
45542
45542
45542
45542
45542
45542
45542
45542
45542
45542
45542
45542
45542
45542
45542
45542
45542
45542
45542
45542
45542
45543
45543
45543
45543
45543
45543
45543
45543
45543
45543
45543
45543
45543
45543
45543
45543
45543
45543
45543
45543
45543
45543
45543
45543
45543
45543
45543
45543
45544
45544
45544
45544
45544
45544
45544
45544
45544
45544
45544
45544
45544
45544
45544
45544
45544
45544
45544
45544
45544
45544
45544
45544
45544
45544
45544
45544
45545
45545
45545
45545
45545
45545
45545
45545
45545
45545
45545
45545
45545
45545
45545
45545
45545
45545
45545
45545
45545
45545
45545
45545
45545
45545
45545
45545
45546
45546
45546
45546
45546
45546
45546
45546
45546
45546
45546
45546
45546
45546
45546
45546
45546
45546
45546
45546
45546
45546
45546
45546
45546
45546
45546
45546
45547
45547
45547
45547
45547
45547
45547
45547
45547
45547
45547
45547
45547
45547
45547
45547
45547
45547
45547
45547
45547
45547
45547
45547
45547
45547
45547
45547
45548
45548
45548
45548
45548
45548
45548
45548
45548
45548
45548
45548
45548
45548
45548
45548
45548
45548
45548
45548
45548
45548
45548
45548
45548
45548
45548
45548
45549
45549
45549
45549
45549
45549
45549
45549
45549
45549
45549
45549
45549
45549
45549
45549
45549
45549
45549
45549
45549
45549
45549
45549
45549
45549
45549
45549
45550
45550
45550
45550
45550
45550
45550
45550
45550
45550
45550
45550
45550
45550
45550
45550
45550
45550
45550
45550
45550
45550
45550
45550
45550
45550
45550
45550
45551
45551
45551
45551
45551
45551
45551
45551
45551
45551
45551
45551
45551
45551
45551
45551
45551
45551
45551
45551
45551
45551
45551
45551
45551
45551
45551
45551
45552
45552
45552
45552
45552
45552
45552
45552
45552
45552
45552
45552
45552
45552
45552
45552
45552
45552
45552
45552
45552
45552
45552
45552
45552
45552
45552
45552
45553
45553
45553
45553
45553
45553
45553
45553
45553
45553
45553
45553
45553
45553
45553
45553
45553
45553
45553
45553
45553
45553
45553
45553
45553
45553
45553
45553
45554
45554
45554
45554
45554
45554
45554
45554
45554
45554
45554
45554
45554
45554
45554
45554
45554
45554
45554
45554
45554
45554
45554
45554
45554
45554
45554
45554
45555
45555
45555
45555
45555
45555
45555
45555
45555
45555
45555
45555
45555
45555
45555
45555
45555
45555
45555
45555
45555
45555
45555
45555
45555
45555
45555
45555
45556
45556
45556
45556
45556
45556
45556
45556
45556
45556
45556
45556
45556
45556
45556
45556
45556
45556
45556
45556
45556
45556
45556
45556
45556
45556
45556
45556
45557
45557
45557
45557
45557
45557
45557
45557
45557
45557
45557
45557
45557
45557
45557
45557
45557
45557
45557
45557
45557
45557
45557
45557
45557
45557
45557
45557
45558
45558
45558
45558
45558
45558
45558
45558
45558
45558
45558
45558
45558
45558
45558
45558
45558
45558
45558
45558
45558
45558
45558
45558
45558
45558
45558
45558
45559
45559
45559
45559
45559
45559
45559
45559
45559
45559
45559
45559
45559
45559
45559
45559
45559
45559
45559
45559
45559
45559
45559
45559
45559
45559
45559
45559
45560
45560
45560
45560
45560
45560
45560
45560
45560
45560
45560
45560
45560
45560
45560
45560
45560
45560
45560
45560
45560
45560
45560
45560
45560
45560
45560
45560
45561
45561
45561
45561
45561
45561
45561
45561
45561
45561
45561
45561
45561
45561
45561
45561
45561
45561
45561
45561
45561
45561
45561
45561
45561
45561
45561
45561
45562
45562
45562
45562
45562
45562
45562
45562
45562
45562
45562
45562
45562
45562
45562
45562
45562
45562
45562
45562
45562
45562
45562
45562
45562
45562
45562
45562
45563
45563
45563
45563
45563
45563
45563
45563
45563
45563
45563
45563
45563
45563
45563
45563
45563
45563
45563
45563
45563
45563
45563
45563
45563
45563
45563
45563
45564
45564
45564
45564
45564
45564
45564
45564
45564
45564
45564
45564
45564
45564
45564
45564
45564
45564
45564
45564
45564
45564
45564
45564
45564
45564
45564
45564
45565
45565
45565
45565
45565
45565
45565
45565
45565
45565
45565
45565
45565
45565
45565
45565
45565
45565
45565
45565
45565
45565
45565
45565
45565
45565
45565
45565
45566
45566
45566
45566
45566
45566
45566
45566
45566
45566
45566
45566
45566
45566
45566
45566
45566
45566
45566
45566
45566
45566
45566
45566
45566
45566
45566
45566
45567
45567
45567
45567
45567
45567
45567
45567
45567
45567
45567
45567
45567
45567
45567
45567
45567
45567
45567
45567
45567
45567
45567
45567
45567
45567
45567
45567
45568
45568
45568
45568
45568
45568
45568
45568
45568
45568
45568
45568
45568
45568
45568
45568
45568
45568
45568
45568
45568
45568
45568
45568
45568
45568
45568
45568
45569
45569
45569
45569
45569
45569
45569
45569
45569
45569
45569
45569
45569
45569
45569
45569
45569
45569
45569
45569
45569
45569
45569
45569
45569
45569
45569
45569
45570
45570
45570
45570
45570
45570
45570
45570
45570
45570
45570
45570
45570
45570
45570
45570
45570
45570
45570
45570
45570
45570
45570
45570
45570
45570
45570
45570
45571
45571
45571
45571
45571
45571
45571
45571
45571
45571
45571
45571
45571
45571
45571
45571
45571
45571
45571
45571
45571
45571
45571
45571
45571
45571
45571
45571
45572
45572
45572
45572
45572
45572
45572
45572
45572
45572
45572
45572
45572
45572
45572
45572
45572
45572
45572
45572
45572
45572
45572
45572
45572
45572
45572
45572
45573
45573
45573
45573
45573
45573
45573
45573
45573
45573
45573
45573
45573
45573
45573
45573
45573
45573
45573
45573
45573
45573
45573
45573
45573
45573
45573
45573
45574
45574
45574
45574
45574
45574
45574
45574
45574
45574
45574
45574
45574
45574
45574
45574
45574
45574
45574
45574
45574
45574
45574
45574
45574
45574
45574
45574
45575
45575
45575
45575
45575
45575
45575
45575
45575
45575
45575
45575
45575
45575
45575
45575
45575
45575
45575
45575
45575
45575
45575
45575
45575
45575
45575
45575
45576
45576
45576
45576
45576
45576
45576
45576
45576
45576
45576
45576
45576
45576
45576
45576
45576
45576
45576
45576
45576
45576
45576
45576
45576
45576
45576
45576
45577
45577
45577
45577
45577
45577
45577
45577
45577
45577
45577
45577
45577
45577
45577
45577
45577
45577
45577
45577
45577
45577
45577
45577
45577
45577
45577
45577
45578
45578
45578
45578
45578
45578
45578
45578
45578
45578
45578
45578
45578
45578
45578
45578
45578
45578
45578
45578
45578
45578
45578
45578
45578
45578
45578
45578
45579
45579
45579
45579
45579
45579
45579
45579
45579
45579
45579
45579
45579
45579
45579
45579
45579
45579
45579
45579
45579
45579
45579
45579
45579
45579
45579
45579
45580
45580
45580
45580
45580
45580
45580
45580
45580
45580
45580
45580
45580
45580
45580
45580
45580
45580
45580
45580
45580
45580
45580
45580
45580
45580
45580
45580
45581
45581
45581
45581
45581
45581
45581
45581
45581
45581
45581
45581
45581
45581
45581
45581
45581
45581
45581
45581
45581
45581
45581
45581
45581
45581
45581
45581
45582
45582
45582
45582
45582
45582
45582
45582
45582
45582
45582
45582
45582
45582
45582
45582
45582
45582
45582
45582
45582
45582
45582
45582
45582
45582
45582
45582
45583
45583
45583
45583
45583
45583
45583
45583
45583
45583
45583
45583
45583
45583
45583
45583
45583
45583
45583
45583
45583
45583
45583
45583
45583
45583
45583
45583
45584
45584
45584
45584
45584
45584
45584
45584
45584
45584
45584
45584
45584
45584
45584
45584
45584
45584
45584
45584
45584
45584
45584
45584
45584
45584
45584
45584
45585
45585
45585
45585
45585
45585
45585
45585
45585
45585
45585
45585
45585
45585
45585
45585
45585
45585
45585
45585
45585
45585
45585
45585
45585
45585
45585
45585
45586
45586
45586
45586
45586
45586
45586
45586
45586
45586
45586
45586
45586
45586
45586
45586
45586
45586
45586
45586
45586
45586
45586
45586
45586
45586
45586
45586
45587
45587
45587
45587
45587
45587
45587
45587
45587
45587
45587
45587
45587
45587
45587
45587
45587
45587
45587
45587
45587
45587
45587
45587
45587
45587
45587
45587
45588
45588
45588
45588
45588
45588
45588
45588
45588
45588
45588
45588
45588
45588
45588
45588
45588
45588
45588
45588
45588
45588
45588
45588
45588
45588
45588
45588
45589
45589
45589
45589
45589
45589
45589
45589
45589
45589
45589
45589
45589
45589
45589
45589
45589
45589
45589
45589
45589
45589
45589
45589
45589
45589
45589
45589
45590
45590
45590
45590
45590
45590
45590
45590
45590
45590
45590
45590
45590
45590
45590
45590
45590
45590
45590
45590
45590
45590
45590
45590
45590
45590
45590
45590
45591
45591
45591
45591
45591
45591
45591
45591
45591
45591
45591
45591
45591
45591
45591
45591
45591
45591
45591
45591
45591
45591
45591
45591
45591
45591
45591
45591
45592
45592
45592
45592
45592
45592
45592
45592
45592
45592
45592
45592
45592
45592
45592
45592
45592
45592
45592
45592
45592
45592
45592
45592
45592
45592
45592
45592
45593
45593
45593
45593
45593
45593
45593
45593
45593
45593
45593
45593
45593
45593
45593
45593
45593
45593
45593
45593
45593
45593
45593
45593
45593
45593
45593
45593
45594
45594
45594
45594
45594
45594
45594
45594
45594
45594
45594
45594
45594
45594
45594
45594
45594
45594
45594
45594
45594
45594
45594
45594
45594
45594
45594
45594
45595
45595
45595
45595
45595
45595
45595
45595
45595
45595
45595
45595
45595
45595
45595
45595
45595
45595
45595
45595
45595
45595
45595
45595
45595
45595
45595
45595
45596
45596
45596
45596
45596
45596
45596
45596
45596
45596
45596
45596
45596
45596
45596
45596
45596
45596
45596
45596
45596
45596
45596
45596
45596
45596
45596
45596
45597
45597
45597
45597
45597
45597
45597
45597
45597
45597
45597
45597
45597
45597
45597
45597
45597
45597
45597
45597
45597
45597
45597
45597
45597
45597
45597
45597
45598
45598
45598
45598
45598
45598
45598
45598
45598
45598
45598
45598
45598
45598
45598
45598
45598
45598
45598
45598
45598
45598
45598
45598
45598
45598
45598
45598
45599
45599
45599
45599
45599
45599
45599
45599
45599
45599
45599
45599
45599
45599
45599
45599
45599
45599
45599
45599
45599
45599
45599
45599
45599
45599
45599
45599
45600
45600
45600
45600
45600
45600
45600
45600
45600
45600
45600
45600
45600
45600
45600
45600
45600
45600
45600
45600
45600
45600
45600
45600
45600
45600
45600
45600
45601
45601
45601
45601
45601
45601
45601
45601
45601
45601
45601
45601
45601
45601
45601
45601
45601
45601
45601
45601
45601
45601
45601
45601
45601
45601
45601
45601
45602
45602
45602
45602
45602
45602
45602
45602
45602
45602
45602
45602
45602
45602
45602
45602
45602
45602
45602
45602
45602
45602
45602
45602
45602
45602
45602
45602
45603
45603
45603
45603
45603
45603
45603
45603
45603
45603
45603
45603
45603
45603
45603
45603
45603
45603
45603
45603
45603
45603
45603
45603
45603
45603
45603
45603
45604
45604
45604
45604
45604
45604
45604
45604
45604
45604
45604
45604
45604
45604
45604
45604
45604
45604
45604
45604
45604
45604
45604
45604
45604
45604
45604
45604
45605
45605
45605
45605
45605
45605
45605
45605
45605
45605
45605
45605
45605
45605
45605
45605
45605
45605
45605
45605
45605
45605
45605
45605
45605
45605
45605
45605
45606
45606
45606
45606
45606
45606
45606
45606
45606
45606
45606
45606
45606
45606
45606
45606
45606
45606
45606
45606
45606
45606
45606
45606
45606
45606
45606
45606
45607
45607
45607
45607
45607
45607
45607
45607
45607
45607
45607
45607
45607
45607
45607
45607
45607
45607
45607
45607
45607
45607
45607
45607
45607
45607
45607
45607
45608
45608
45608
45608
45608
45608
45608
45608
45608
45608
45608
45608
45608
45608
45608
45608
45608
45608
45608
45608
45608
45608
45608
45608
45608
45608
45608
45608
45609
45609
45609
45609
45609
45609
45609
45609
45609
45609
45609
45609
45609
45609
45609
45609
45609
45609
45609
45609
45609
45609
45609
45609
45609
45609
45609
45609
45610
45610
45610
45610
45610
45610
45610
45610
45610
45610
45610
45610
45610
45610
45610
45610
45610
45610
45610
45610
45610
45610
45610
45610
45610
45610
45610
45610
45611
45611
45611
45611
45611
45611
45611
45611
45611
45611
45611
45611
45611
45611
45611
45611
45611
45611
45611
45611
45611
45611
45611
45611
45611
45611
45611
45611
45612
45612
45612
45612
45612
45612
45612
45612
45612
45612
45612
45612
45612
45612
45612
45612
45612
45612
45612
45612
45612
45612
45612
45612
45612
45612
45612
45612
45613
45613
45613
45613
45613
45613
45613
45613
45613
45613
45613
45613
45613
45613
45613
45613
45613
45613
45613
45613
45613
45613
45613
45613
45613
45613
45613
45613
45614
45614
45614
45614
45614
45614
45614
45614
45614
45614
45614
45614
45614
45614
45614
45614
45614
45614
45614
45614
45614
45614
45614
45614
45614
45614
45614
45614
45615
45615
45615
45615
45615
45615
45615
45615
45615
45615
45615
45615
45615
45615
45615
45615
45615
45615
45615
45615
45615
45615
45615
45615
45615
45615
45615
45615
45616
45616
45616
45616
45616
45616
45616
45616
45616
45616
45616
45616
45616
45616
45616
45616
45616
45616
45616
45616
45616
45616
45616
45616
45616
45616
45616
45616
45617
45617
45617
45617
45617
45617
45617
45617
45617
45617
45617
45617
45617
45617
45617
45617
45617
45617
45617
45617
45617
45617
45617
45617
45617
45617
45617
45617
45618
45618
45618
45618
45618
45618
45618
45618
45618
45618
45618
45618
45618
45618
45618
45618
45618
45618
45618
45618
45618
45618
45618
45618
45618
45618
45618
45618
45619
45619
45619
45619
45619
45619
45619
45619
45619
45619
45619
45619
45619
45619
45619
45619
45619
45619
45619
45619
45619
45619
45619
45619
45619
45619
45619
45619
45620
45620
45620
45620
45620
45620
45620
45620
45620
45620
45620
45620
45620
45620
45620
45620
45620
45620
45620
45620
45620
45620
45620
45620
45620
45620
45620
45620
45621
45621
45621
45621
45621
45621
45621
45621
45621
45621
45621
45621
45621
45621
45621
45621
45621
45621
45621
45621
45621
45621
45621
45621
45621
45621
45621
45621
45622
45622
45622
45622
45622
45622
45622
45622
45622
45622
45622
45622
45622
45622
45622
45622
45622
45622
45622
45622
45622
45622
45622
45622
45622
45622
45622
45622
45623
45623
45623
45623
45623
45623
45623
45623
45623
45623
45623
45623
45623
45623
45623
45623
45623
45623
45623
45623
45623
45623
45623
45623
45623
45623
45623
45623
45624
45624
45624
45624
45624
45624
45624
45624
45624
45624
45624
45624
45624
45624
45624
45624
45624
45624
45624
45624
45624
45624
45624
45624
45624
45624
45624
45624
45625
45625
45625
45625
45625
45625
45625
45625
45625
45625
45625
45625
45625
45625
45625
45625
45625
45625
45625
45625
45625
45625
45625
45625
45625
45625
45625
45625
45626
45626
45626
45626
45626
45626
45626
45626
45626
45626
45626
45626
45626
45626
45626
45626
45626
45626
45626
45626
45626
45626
45626
45626
45626
45626
45626
45626
45627
45627
45627
45627
45627
45627
45627
45627
45627
45627
45627
45627
45627
45627
45627
45627
45627
45627
45627
45627
45627
45627
45627
45627
45627
45627
45627
45627
45628
45628
45628
45628
45628
45628
45628
45628
45628
45628
45628
45628
45628
45628
45628
45628
45628
45628
45628
45628
45628
45628
45628
45628
45628
45628
45628
45628
45629
45629
45629
45629
45629
45629
45629
45629
45629
45629
45629
45629
45629
45629
45629
45629
45629
45629
45629
45629
45629
45629
45629
45629
45629
45629
45629
45629
45630
45630
45630
45630
45630
45630
45630
45630
45630
45630
45630
45630
45630
45630
45630
45630
45630
45630
45630
45630
45630
45630
45630
45630
45630
45630
45630
45630
45631
45631
45631
45631
45631
45631
45631
45631
45631
45631
45631
45631
45631
45631
45631
45631
45631
45631
45631
45631
45631
45631
45631
45631
45631
45631
45631
45631
45632
45632
45632
45632
45632
45632
45632
45632
45632
45632
45632
45632
45632
45632
45632
45632
45632
45632
45632
45632
45632
45632
45632
45632
45632
45632
45632
45632
45633
45633
45633
45633
45633
45633
45633
45633
45633
45633
45633
45633
45633
45633
45633
45633
45633
45633
45633
45633
45633
45633
45633
45633
45633
45633
45633
45633
45634
45634
45634
45634
45634
45634
45634
45634
45634
45634
45634
45634
45634
45634
45634
45634
45634
45634
45634
45634
45634
45634
45634
45634
45634
45634
45634
45634
45635
45635
45635
45635
45635
45635
45635
45635
45635
45635
45635
45635
45635
45635
45635
45635
45635
45635
45635
45635
45635
45635
45635
45635
45635
45635
45635
45635
45636
45636
45636
45636
45636
45636
45636
45636
45636
45636
45636
45636
45636
45636
45636
45636
45636
45636
45636
45636
45636
45636
45636
45636
45636
45636
45636
45636
45637
45637
45637
45637
45637
45637
45637
45637
45637
45637
45637
45637
45637
45637
45637
45637
45637
45637
45637
45637
45637
45637
45637
45637
45637
45637
45637
45637
45638
45638
45638
45638
45638
45638
45638
45638
45638
45638
45638
45638
45638
45638
45638
45638
45638
45638
45638
45638
45638
45638
45638
45638
45638
45638
45638
45638
45639
45639
45639
45639
45639
45639
45639
45639
45639
45639
45639
45639
45639
45639
45639
45639
45639
45639
45639
45639
45639
45639
45639
45639
45639
45639
45639
45639
45640
45640
45640
45640
45640
45640
45640
45640
45640
45640
45640
45640
45640
45640
45640
45640
45640
45640
45640
45640
45640
45640
45640
45640
45640
45640
45640
45640
45641
45641
45641
45641
45641
45641
45641
45641
45641
45641
45641
45641
45641
45641
45641
45641
45641
45641
45641
45641
45641
45641
45641
45641
45641
45641
45641
45641
45642
45642
45642
45642
45642
45642
45642
45642
45642
45642
45642
45642
45642
45642
45642
45642
45642
45642
45642
45642
45642
45642
45642
45642
45642
45642
45642
45642
45643
45643
45643
45643
45643
45643
45643
45643
45643
45643
45643
45643
45643
45643
45643
45643
45643
45643
45643
45643
45643
45643
45643
45643
45643
45643
45643
45643
45644
45644
45644
45644
45644
45644
45644
45644
45644
45644
45644
45644
45644
45644
45644
45644
45644
45644
45644
45644
45644
45644
45644
45644
45644
45644
45644
45644
45645
45645
45645
45645
45645
45645
45645
45645
45645
45645
45645
45645
45645
45645
45645
45645
45645
45645
45645
45645
45645
45645
45645
45645
45645
45645
45645
45645
45646
45646
45646
45646
45646
45646
45646
45646
45646
45646
45646
45646
45646
45646
45646
45646
45646
45646
45646
45646
45646
45646
45646
45646
45646
45646
45646
45646
45647
45647
45647
45647
45647
45647
45647
45647
45647
45647
45647
45647
45647
45647
45647
45647
45647
45647
45647
45647
45647
45647
45647
45647
45647
45647
45647
45647
45648
45648
45648
45648
45648
45648
45648
45648
45648
45648
45648
45648
45648
45648
45648
45648
45648
45648
45648
45648
45648
45648
45648
45648
45648
45648
45648
45648
45649
45649
45649
45649
45649
45649
45649
45649
45649
45649
45649
45649
45649
45649
45649
45649
45649
45649
45649
45649
45649
45649
45649
45649
45649
45649
45649
45649
45650
45650
45650
45650
45650
45650
45650
45650
45650
45650
45650
45650
45650
45650
45650
45650
45650
45650
45650
45650
45650
45650
45650
45650
45650
45650
45650
45650
45651
45651
45651
45651
45651
45651
45651
45651
45651
45651
45651
45651
45651
45651
45651
45651
45651
45651
45651
45651
45651
45651
45651
45651
45651
45651
45651
45651
45652
45652
45652
45652
45652
45652
45652
45652
45652
45652
45652
45652
45652
45652
45652
45652
45652
45652
45652
45652
45652
45652
45652
45652
45652
45652
45652
45652
45653
45653
45653
45653
45653
45653
45653
45653
45653
45653
45653
45653
45653
45653
45653
45653
45653
45653
45653
45653
45653
45653
45653
45653
45653
45653
45653
45653
45654
45654
45654
45654
45654
45654
45654
45654
45654
45654
45654
45654
45654
45654
45654
45654
45654
45654
45654
45654
45654
45654
45654
45654
45654
45654
45654
45654
45655
45655
45655
45655
45655
45655
45655
45655
45655
45655
45655
45655
45655
45655
45655
45655
45655
45655
45655
45655
45655
45655
45655
45655
45655
45655
45655
45655
45656
45656
45656
45656
45656
45656
45656
45656
45656
45656
45656
45656
45656
45656
45656
45656
45656
45656
45656
45656
45656
45656
45656
45656
45656
45656
45656
45656
45657
45657
45657
45657
45657
45657
45657
45657
45657
45657
45657
45657
45657
45657
45657
45657
45657
45657
45657
45657
45657
45657
45657
45657
45657
45657
45657
45657
